MNA079  PM190811        0   70  70  70  70  70  0   
MNA103  PM190811        5   5   5   5   5   5   0   
MNA115  PM190811        6   6   6   6   6   6   6   
MNA142  PM190811        0   20  20  20  20  20  0   
MNA157  PM190811        0   16  16  16  16  16  0   
MNA625  PM190811        0   140 140 140 140 140 0   
MNA710  PM190811        0   20  20  20  20  0   0   
MNA835  PM190811        0   10  10  10  10  10  0   
MNA844  PM190811        0   10  10  10  10  10  0   
MNA916  PM190811        0   10  10  0   0   0   0   
MNB033  PM190811        0   5   5   5   5   5   0   
